[main]
v4opt=eJwt00luBDEMA8B7gPyl7fZC/v9jQabmpEOLdIIareeO8fuznjtj9DPex/DtncZrbOMY1xBfNpfNtQyby8r2bfu2fdvfb14/Xj9ePzaPZ4/A8ey1eW1e1dfm/a6ovqojEIEIxAuRixciHvGIV7zi9d9WS7VUS7X0k8vzGMOYxmssYxvHuEYMLUMLsQwtQ8vQMrQMLdPKtDJ9m99vXuAe7lmqMQZjMGYJYMz2t2wBqIGa7SG22XKIAzXHCzRzvE4zNHOtQA3UXAG2YRu2wRiMIRZUQRVUgZNqqRZURVVUhVMcxVEABVAABVAAHQLjG1A9VU9xOJ1ycAqnzqmv3JKjUip1VaVSKl0CcLoF4BRO4RRO4RRO3V/dX1EVVY8W11jXWH51jT1aaJZmaZZmafZqgVqohVqohVoHWwfbaHG3BV4HWwdbB1v8dbD1K+j/r+APjV3JLA==
build=1591
Lang=Chinese Simplified!!.dlf
Options=1001000010000010011010011111111000000101111101110000000010001000000100110010011041100000000210010111111113001111010100001001000000000000000010400001131110
LSS=FEAD3230398C3C
PIDX=10

[LiveUpdate]
Interval=15
X=3437

[H]
H=0BA47AA9-C60A-4FD9-AA97-BDB0328B448B

[Graph]
V=0
H=65

[window]
Left=75
Top=-26
Width=1201
Height=721
State=0
TS=0.519394516944885
BS=0.498263895511627
CS=0.712041914463043
THP=624
RTS=0.5
LTS=0.5

[SiteManager]
Left=354
Top=102
Width=626
Height=469
State=0

[SESDlg]
Left=420
Top=220
Width=592
Height=406
State=0
OnTop=0
Wrap=0

[Hint]
Left=561
Top=379
Width=0
Height=0
State=0

[statuswin]
Left=420
Top=220
Width=592
Height=406
State=0
Font="Microsoft Sans Serif", 8, [], , 134
Color=-2147483643
OnTop=0
Wrap=0

[QueueWindow]
Left=0
Top=0
Width=555
Height=270
State=0

[SITE_MRU]
1=张修金
2=天中山 力力
3=天中山 李敏
4=fangmengyu
5=sunzixuan
6=quguanchen
7=hushuqing
8=zhangyong
9=sunyuxing
10=zhangfuhua
11=zhangdoudou
12=huguangleicn
13=huguanglei
14=yubin
15=lihongyu

